2.00 3.1660
2.08 3.1660
2.15 3.1660
2.24 3.1659
2.32 3.1660
2.41 3.1660
2.50 3.1659
2.59 3.1659
2.69 3.1658
2.79 3.1659
2.90 3.1658
3.01 3.1657
3.12 3.1656
3.24 3.1653
3.36 3.1650
3.49 3.1647
3.62 3.1642
3.76 3.1636
3.90 3.1630
4.04 3.1621
4.20 3.1610
4.36 3.1596
4.52 3.1581
4.69 3.1563
4.87 3.1540
5.05 3.1515
5.24 3.1486
5.44 3.1453
5.64 3.1415
5.86 3.1372
6.08 3.1326
6.31 3.1273
6.55 3.1216
6.79 3.1154
7.05 3.1087
7.32 3.1014
7.59 3.0937
7.88 3.0854
8.18 3.0768
8.49 3.0678
8.81 3.0583
9.14 3.0484
9.48 3.0382
9.84 3.0278
10.21 3.0171
10.60 3.0062
11.00 2.9953
11.41 2.9844
11.84 2.9734
12.29 2.9628
12.76 2.9525
13.24 2.9428
13.74 2.9338
14.26 2.9260
14.79 2.9195
15.35 2.9148
15.93 2.9123
16.53 2.9125
17.16 2.9158
17.81 2.9228
18.48 2.9337
19.18 2.9492
19.90 2.9693
20.65 2.9942
21.43 3.0238
22.24 3.0577
23.08 3.0954
23.95 3.1363
24.85 3.1797
25.79 3.2247
26.77 3.2704
27.78 3.3162
28.82 3.3612
29.91 3.4050
31.04 3.4472
32.21 3.4873
33.43 3.5251
34.69 3.5607
36.00 3.5937
37.36 3.6243
38.77 3.6527
40.24 3.6787
41.75 3.7025
43.33 3.7243
44.97 3.7442
46.66 3.7621
48.43 3.7784
50.25 3.7931
52.15 3.8062
54.12 3.8179
56.16 3.8281
58.28 3.8371
60.48 3.8449
62.77 3.8514
65.14 3.8569
67.60 3.8611
70.15 3.8644
72.80 3.8665
75.54 3.8675
78.40 3.8675
81.36 3.8663
84.43 3.8642
87.61 3.8610
90.92 3.8568
94.35 3.8516
97.92 3.8453
101.61 3.8380
105.45 3.8297
109.43 3.8203
113.56 3.8102
117.85 3.7990
122.30 3.7870
126.91 3.7743
131.70 3.7608
136.68 3.7468
141.84 3.7323
147.19 3.7174
152.75 3.7023
158.51 3.6873
164.50 3.6725
170.71 3.6582
177.15 3.6446
183.84 3.6323
190.78 3.6216
197.98 3.6131
205.46 3.6072
213.22 3.6049
221.26 3.6068
229.62 3.6139
238.29 3.6269
247.28 3.6468
256.62 3.6742
266.31 3.7098
276.36 3.7541
286.79 3.8066
297.62 3.8674
308.85 3.9353
320.51 4.0091
332.61 4.0876
345.17 4.1690
358.20 4.2517
371.72 4.3343
385.76 4.4156
400.32 4.4944
415.43 4.5701
431.12 4.6423
447.39 4.7106
464.28 4.7752
481.81 4.8365
500.00 4.8944
