2.00 3.4510
2.08 3.4506
2.15 3.4499
2.24 3.4493
2.32 3.4488
2.41 3.4481
2.50 3.4474
2.59 3.4467
2.69 3.4459
2.79 3.4451
2.90 3.4442
3.01 3.4434
3.12 3.4426
3.24 3.4416
3.36 3.4407
3.49 3.4397
3.62 3.4388
3.76 3.4377
3.90 3.4366
4.04 3.4355
4.20 3.4344
4.36 3.4332
4.52 3.4321
4.69 3.4309
4.87 3.4296
5.05 3.4284
5.24 3.4271
5.44 3.4257
5.64 3.4245
5.86 3.4231
6.08 3.4218
6.31 3.4203
6.55 3.4188
6.79 3.4174
7.05 3.4159
7.32 3.4143
7.59 3.4127
7.88 3.4111
8.18 3.4094
8.49 3.4077
8.81 3.4060
9.14 3.4043
9.48 3.4025
9.84 3.4008
10.21 3.3990
10.60 3.3973
11.00 3.3957
11.41 3.3941
11.84 3.3926
12.29 3.3913
12.76 3.3902
13.24 3.3894
13.74 3.3887
14.26 3.3884
14.79 3.3887
15.35 3.3894
15.93 3.3907
16.53 3.3927
17.16 3.3955
17.81 3.3992
18.48 3.4039
19.18 3.4098
19.90 3.4169
20.65 3.4253
21.43 3.4352
22.24 3.4467
23.08 3.4598
23.95 3.4746
24.85 3.4912
25.79 3.5096
26.77 3.5298
27.78 3.5517
28.82 3.5752
29.91 3.6003
31.04 3.6269
32.21 3.6546
33.43 3.6834
34.69 3.7130
36.00 3.7432
37.36 3.7737
38.77 3.8042
40.24 3.8344
41.75 3.8643
43.33 3.8934
44.97 3.9218
46.66 3.9491
48.43 3.9752
50.25 4.0000
52.15 4.0235
54.12 4.0456
56.16 4.0661
58.28 4.0854
60.48 4.1032
62.77 4.1197
65.14 4.1350
67.60 4.1489
70.15 4.1618
72.80 4.1734
75.54 4.1842
78.40 4.1939
81.36 4.2028
84.43 4.2111
87.61 4.2185
90.92 4.2253
94.35 4.2316
97.92 4.2374
101.61 4.2428
105.45 4.2478
109.43 4.2526
113.56 4.2572
117.85 4.2618
122.30 4.2664
126.91 4.2710
131.70 4.2759
136.68 4.2810
141.84 4.2864
147.19 4.2923
152.75 4.2988
158.51 4.3057
164.50 4.3135
170.71 4.3223
177.15 4.3318
183.84 4.3424
190.78 4.3540
197.98 4.3669
205.46 4.3810
213.22 4.3963
221.26 4.4130
229.62 4.4310
238.29 4.4502
247.28 4.4708
256.62 4.4925
266.31 4.5155
276.36 4.5397
286.79 4.5648
297.62 4.5906
308.85 4.6170
320.51 4.6441
332.61 4.6716
345.17 4.6994
358.20 4.7272
371.72 4.7548
385.76 4.7823
400.32 4.8098
415.43 4.8365
431.12 4.8627
447.39 4.8881
464.28 4.9130
481.81 4.9369
500.00 4.9601
